{
    "dwell": 1.0,
    "fpath": "e712.ini",
    "line_accrange": 1.0,
    "line_return_time": 0.04,
    "line_start_delay": 0.04,
    "line_step_time": 0.005,
    "line_trig_time": 0.03,
    "line_updown_time": 0.005,
    "max_rcv_bytes": 16384.08,
    "max_sock_timeout": 1.0,
    "mode": 1,
    "numX": 50,
    "numY": 50,
    "pnt_start_delay": 0.04,
    "pnt_step_time": 0.02,
    "pnt_updown_time": 0.0,
    "startX": -4.103343465045555,
    "startY": -3.4075757575757564,
    "stopX": 3.8966565349544453,
    "stopY": 4.592424242424244
}