{
    "dwell": 1.0,
    "fpath": "e712.ini",
    "line_accrange": 1.0,
    "line_return_time": 0.04,
    "line_start_delay": 0.04,
    "line_step_time": 0.005,
    "line_trig_time": 0.03,
    "line_updown_time": 0.005,
    "max_rcv_bytes": 16384.08,
    "max_sock_timeout": 1.0,
    "mode": 1,
    "numX": 150,
    "numY": 1,
    "pnt_start_delay": 0.04,
    "pnt_step_time": 0.02,
    "pnt_updown_time": 0.0,
    "startX": -22.303586671649015,
    "startY": -8.088547008547039,
    "stopX": 20.402021638806758,
    "stopY": -8.088547008547039
}