{
    "dwell": 0.35,
    "fpath": "e712.ini",
    "line_accrange": 1.0,
    "line_return_time": 0.04,
    "line_start_delay": 0.04,
    "line_step_time": 0.005,
    "line_trig_time": 0.03,
    "line_updown_time": 0.005,
    "max_rcv_bytes": 16384.08,
    "max_sock_timeout": 1.0,
    "mode": 1,
    "numX": 40,
    "numY": 20,
    "pnt_start_delay": 0.04,
    "pnt_step_time": 0.02,
    "pnt_updown_time": 0.0,
    "startX": -14.998233722582768,
    "startY": -7.497276779502272,
    "stopX": 15.001766277417232,
    "stopY": 7.502723220497728
}